-0.51876800088439978 -0.11286702034007273 -0.15928127916043172
0.46005346968505717 -0.22401770599039078 0.012631645983984972
-0.31726408130878625 0.39437488300358647 -0.10298855464834161
0.080245804450615313 -0.39941854738363053 0.3573133903808336
0.23018481100531349 0.2811428745190212 -0.35987169405081504
-0.18794165202472257 -0.14863258609460761 0.44041782504107907
0.13744910165341206 -0.10345213409749077 -0.50408182248564803
0.065154629721764348 0.33719524870672163 0.39068261207571853
-0.25771155055220168 -0.3752029512196644 -0.23241146940551624
0.30859746825394802 0.35087793889652741 0.15758934626913637
