-0.27471528989931826 -0.071160909181202908 -0.16738133359608107
0.71379841527722698 -0.22175008366955287 -0.18017020393435862
-0.24850555374720817 0.050174153773500485 -0.18548812564299169
0.31381746464284288 -0.66393018028058803 0.23146249862014825
-0.19083826804651211 0.04037448124941026 -0.26781451388017985
-0.230215175259946 -0.20137335840945939 0.70172529510035708
-0.15194668498901345 -0.071977515925712582 -0.28677395091834401
-0.1491134537007133 0.61287391938886937 0.44190326455285811
-0.16664158028801215 -0.14931219520396227 -0.20521735133040278
0.38436012601065361 0.67608168825869797 -0.082245578971005498
