0.12464679262625694 -0.57860844692845437 0.061951236511290794
0.040690145833439911 0.40213944828542159 -0.11435771824497487
-0.27969516473585238 -0.53917722302787474 -0.0081683730186439991
0.32905564499107814 0.19357449765893545 0.29596542576342411
-0.34559011380688659 0.1178306833618539 -0.4382797476247009
0.090875967158679932 -0.024639830978839018 0.45008927066228732
-0.17781138295394217 0.22750106529609865 -0.47955156127239523
0.038691255977850607 0.0079450391696360666 0.47172219464579468
0.31500627306125872 -0.17837943330335476 -0.47111034736831392
-0.13586941815188311 0.37181420046657726 0.23173961994623216
