0.34762163163801918 0.15790287306576595 -0.41838827240212378
-0.25138736516516014 0.042338233642724613 0.37397088592484345
0.20954482159862928 0.18406216481771645 -0.50207468745541883
-0.26885122628187358 0.12651494945376671 0.37418186132930681
0.21696530142934037 -0.49552865942430013 -0.2398572662139361
-0.22603867561170152 0.32916711463675136 0.11174528854794115
0.26526625184833086 -0.54161500743155622 0.092825348563565002
-0.31691386073463668 0.21225341044931606 -0.21172140478076132
0.49539797872162966 -0.12151957236164003 0.2665516046074427
-0.4716048574425773 0.10642449315145529 0.1527666418791408
