-0.34697946205971847 -0.40983755334320848 0.062855823774180197
0.45422268946724581 0.18307819550002202 -0.017928006053592314
-0.50240420572245204 -0.10619783445230906 0.016486553251966119
0.47145136209624039 -0.080979683747760489 -0.20927743392432971
-0.26757334223841045 0.33890931140154706 0.31753915478182776
0.020633020879762098 -0.29453768558207133 -0.40057086064917125
0.20667034031800077 0.027660603156913866 0.52764160345862687
-0.33899776552391836 0.22958613296374383 -0.28566793089110193
0.30977520770861056 -0.38941173516348737 0.15697782868505
-0.0067978449253602415 0.50173024926660992 -0.16805673243345579
