-0.43679988737778369 0.19357234598780648 0.10287339505859158
0.40816950006491076 -0.21324978925307927 -0.24429008885462825
-0.33189363383261833 0.43685690711324815 -0.072046536913118464
0.018757517716610137 -0.35498294590860124 0.42798687905379051
0.023374568255994991 0.24283698737131276 -0.37363024290501334
0.057332301785140045 -0.11252616961115718 0.56048104542899246
-0.11570780298117933 -0.26640188510675983 -0.41233928038825635
0.23960610036919988 0.29888366538467909 0.33210969468761031
-0.37930353202559541 -0.33318442145695432 -0.13419578514861971
0.51646486802532088 0.10819530547950529 -0.18694908001934882
