-0.34847706650115901 0.25409518427647365 0.18030021196737464
0.39477613608126627 -0.23266051664109944 -0.27865900679239203
-0.29382992404859593 0.34419460545180619 0.16072677139229966
-0.028759359095101862 -0.61346098745256861 0.048328546400636434
-0.032083531054996423 0.38079442482713632 -0.058653344749480585
0.0002393851110551134 -0.60373191463050646 0.11357649006414247
-0.39331208262610551 0.29804202075910813 -0.065088032703388018
0.57732622975792358 0.075988967918441147 0.027398226878611476
-0.42043031941452313 0.14293403452169648 0.02692216265416944
0.54455053179023716 -0.04619581903048741 -0.15485202511197346
