-0.40105675779523819 0.2877819723397968 -0.071573344540626679
0.43281430976259611 -0.26038305755495544 -0.0069657390255347239
-0.40593065913378307 0.2104424513048892 0.26658538482135996
0.32421873032330062 0.013136352912249601 -0.38759515036177578
-0.33649476260081224 -0.35073470313618754 0.26895304652723906
0.065484622726283873 0.47843623730898616 -0.11949016076747999
-0.066972742174071273 -0.51121842798833761 -0.06436584726708526
0.21800594105069526 0.38948275675553956 0.26354347847471532
-0.28941316870809625 -0.15422830104257793 -0.40496540903512362
0.4593444865491253 -0.10271528089940279 0.25587374117431178
