-0.038404418395945543 -0.27457370249221902 0.20281416362211199
0.34383303403827847 0.13348177553117946 -0.6262728383341305
0.033245702570058724 -0.15924556652701347 0.27807566348469315
-0.64768934289384661 -0.070371982062104724 -0.44885552297484993
0.17471409507741831 -0.19743071742828455 0.10567911345368246
-0.74490872475156955 0.14652453858709724 0.29538586371494391
0.086581803041986594 -0.34912634011345883 0.04448008732411135
0.31411533791425611 0.61029089719509066 0.21105456092668459
-0.044376142946400035 -0.31473024153728235 0.085277969196585493
0.52288865634576354 0.4751813388469957 -0.14763906041383251
