-0.31567719200697364 0.35114951049302706 -0.0069853367404262533
0.35125305148992964 -0.36660881035406573 -0.20705293325689381
-0.069748483339969483 0.37024829624701683 0.32190766275144445
-0.22701239428692857 -0.29485303982960787 -0.40809800507391752
0.38422097268165084 0.23113076642233435 0.18328580147685042
-0.53337117193242678 -0.1269862231425154 0.010726020807625039
0.38024940257550904 0.23894481367316506 -0.16645163612708569
-0.21484605564527193 -0.32597399964398249 0.40514973718039132
-0.099671212908452961 0.27676983640938307 -0.3844290262823985
0.34460308337293377 -0.35382115027475508 0.25194771526441057
