-0.24882135350614165 -0.16219983027865401 0.2212699280954574
0.7019986290711544 0.087238555678082377 0.037634821575133176
-0.28452860934153051 0.0046943526937303654 0.17888092744780731
0.3906010585875419 -0.57455167835580512 -0.27792753021989269
0.080186620627654859 0.10391400652811709 0.38790066919614663
-0.57994203029445013 -0.17187168195503852 -0.3107926957780871
0.22545359142925583 -0.061186985249240704 0.27151889642970661
-0.45480189789037506 0.35807411602923506 -0.32970701635702188
0.18412175271944536 -0.13443607589264789 0.26123314943307568
-0.014267761402555125 0.55032522080222146 -0.44001114982232498
