-0.068025410742807754 0.37639349994583432 0.33002970140230903
-0.039707872324940593 -0.45866036632589513 -0.21940924647323878
-0.053385214917810758 0.49527339168121381 0.080296134916604756
-0.021841518943899439 -0.49737319150613857 -0.036570268000487953
-0.33057920277124747 0.4528214038053186 -0.0791293284438397
0.47467871935171957 -0.043649795336458928 0.24502499788997145
-0.4515359835482432 -0.14364516959909079 -0.11846812344523336
0.47681605594414883 0.19869682239565001 0.02632293735407458
-0.395628482723485 -0.2676969584087816 0.17232762281302541
0.4092089106765659 -0.11215963665165163 -0.40042442801318545
