-0.47341862102595833 0.058937794761284974 0.2113711882007413
0.42830161561888752 -0.036110887383216474 -0.21037086894149953
-0.52850694553848698 0.090057356176178993 0.051543146891531902
0.43580620368441197 0.08152558495315626 0.31616997674586489
-0.26277514050195838 -0.25045891225917921 -0.31768363344409151
0.20495258644367378 0.36175980962747356 0.31982637437641442
-0.12941752096878106 -0.52934045223064852 0.013008913146353695
0.076883511748467845 0.40761560405664937 -0.26904291286007243
-0.081676081058488365 -0.44109259194866685 0.23548979521469723
0.32985039159823198 0.25710669424696775 -0.35031197932993985
