-0.27328283988058399 0.16931182953220961 0.36374359944016865
0.25047154574566288 -0.36077548292979822 -0.30310629724129468
-0.044352159183113457 0.47549967970714052 0.1591953741472385
-0.06237624035222334 -0.52350308009601287 0.11834664829571734
0.05656899339163371 0.40262893243886699 -0.23960799509882241
0.0073312747862538377 -0.36423070730399987 0.40031539094045787
-0.28797575696805894 0.12110706018324334 -0.42263114951460468
0.37178602740434807 0.078591260125881163 0.32763999788959852
-0.50522843646767246 0.03587651974186587 -0.15092147267943756
0.48705759152375361 -0.03450601139939645 -0.25297409617902167
