0.36160291969103869 -0.16399843300286762 0.20064640989689625
-0.39384173070230288 0.11264074727420556 -0.39330152056504031
0.2580391752968253 -0.36380242116850109 0.19665881000283986
0.025437911214868474 0.58572850536535648 -0.013787552462208318
-0.052840758812714314 -0.405509368744355 -0.12018269702699354
0.1357436113569272 0.44335791096558325 0.37363941338954293
0.14299395201192883 -0.16579509612084528 -0.41938016175009002
-0.22316855432160332 -0.010171809828356117 0.49806542885576938
0.34106079734503641 -0.081611369237274092 -0.32445607729226794
-0.59502732308000439 0.049161334497053885 0.0020979469515516264
