-0.42815950764712107 0.078973520054500992 -0.36041321046591124
0.43406381150771095 -0.13644041443623073 0.098027390629636862
-0.39878393152937641 0.41705298876321167 0.10114019205739248
0.24758014610152426 -0.21306463848680354 -0.32916813342233386
-0.1735608143779945 -0.00036092190868147804 0.5525333015091527
0.038532190908618105 0.1494781592116802 -0.41316064942846153
0.068390835039157813 -0.40417693534807786 0.41904995951539931
0.21669225816097398 0.39185192749017056 -0.16775898505556464
-0.36822597105079874 -0.41900444607750104 -0.1481986532473141
0.36347098288730567 0.13569076073773112 0.24794878790800401
