0.36799781415932448 -0.15765557395832713 0.19326651842241827
-0.42182166332969245 0.11781165115290514 -0.35473256997407038
0.26569843672010213 -0.35729766087123299 0.19443703383480657
0.030856670125843574 0.5913071240068476 -0.017691009026308737
-0.048129585703067898 -0.39986540821143901 -0.12417191331796967
0.13973568980629403 0.44914397456232191 0.36967999354442216
0.14621836287442988 -0.16040090616953331 -0.42304506188906277
-0.22021068861950083 -0.0038226634958177753 0.49413158628386594
0.34055715557239397 -0.074743714568687766 -0.33079848929366718
-0.60090219160612668 -0.004476822447036506 -0.0010760885844342772
