-0.48873844707764991 -0.14932887561908664 -0.36916422167289659
0.34483889662099626 -0.15815352142812672 0.18316804942622841
-0.35598940851824212 0.47438420320508523 -0.14658293788181573
0.058668189324769582 -0.37439985624637717 0.18147909432027354
0.3188651477246186 0.56160718510095531 -0.055561748972831088
-0.24261800200520478 -0.15930834587195819 0.35066167449133051
0.34388052872939029 -0.17540544513577405 -0.45912864209773147
-0.085409198791988925 0.21076454344627185 0.35731674478652464
9.4326576859395854e-05 -0.45422327386241523 -0.38462688513408849
0.10640796741645159 0.22406338641142562 0.34243887273500634
