-0.11522716728788134 -0.10852535611327402 -0.28073900878605901
-0.0958280751095551 0.086915021920365793 0.69978469508688856
-0.0080620981569678243 0.51099323248482109 -0.20157805354099556
-0.18068180699056346 -0.46820176918356982 -0.30825319042786287
0.37700021289310975 0.28850914278045442 0.032891002565415731
-0.33002857805084446 -0.273094340851055 -0.39689012306633242
0.49738616969182081 -0.0077054838523454442 0.09803774016107987
-0.3559170750396326 -0.143112639102494 -0.40548830170551309
0.50428424972454189 -0.010876298365753092 0.087022846455133446
-0.29292583167402775 0.12509849028285003 0.67521239325824534
