-0.2744103124702657 -0.070506664506862368 -0.16628785483929956
0.71411332976755026 -0.22102372072400622 -0.17915737404599588
-0.24828072466432388 0.050585537683532522 -0.1842656752784313
0.31242828045708732 -0.6706380920473034 0.22247980717175447
-0.19107419413659385 0.041426514566499442 -0.26685571584488704
-0.23008437823317429 -0.20053825306248002 0.70264480337261415
-0.15182590633695212 -0.071204443782695859 -0.28586335408166402
-0.14897925967042239 0.61358639653065017 0.44287075492222622
-0.16642391867776843 -0.14854744297547107 -0.20431368134905734
0.38453708396486308 0.676860168318137 -0.081251710027259741
