-0.51324479057981953 -0.10683691558918551 -0.15440587498368522
0.46544996646137238 -0.21900011565947811 0.017570835154652156
-0.31277829398143986 0.39871081385041335 -0.095539652117300561
0.081041070909627005 -0.39529859070493667 0.36755361403349779
0.18758149161800197 0.22472650186816936 -0.40976100913644042
-0.18236401520823031 -0.14024180823699414 0.44460334797775997
0.14292762437684423 -0.0957520125271248 -0.49996322312045227
0.070412721076359222 0.34435066997081742 0.39505142347810901
-0.25272045258639542 -0.36828947826012659 -0.22762744340289456
0.31369467791368044 0.35763093528844558 0.162517982116754
