-0.33444808367055168 0.12926630966609481 0.20241783969152483
0.51831011531781002 -0.23510946876837521 -0.17179299145639224
-0.18910295716244593 0.42105995579213168 0.090901567215797716
-0.016491506413730237 -0.56035605748338824 0.0070690200950394837
0.11318528447694168 0.4310493074532854 0.024370241992588089
-0.43522096485865591 -0.40117739374799372 -0.057173019514840495
0.37828216452222074 0.1599904609665237 0.095481156067279332
-0.5661074581592489 -0.004200708250785703 -0.18942145979047287
0.16666905783740557 0.17756600419267024 0.46632196553025512
0.36492434811025465 -0.11808840982016301 -0.46817431983077901
