0.040109442255591987 -0.58827253805432345 0.079515582471893567
0.109382743088247 0.398672800906124 -0.065880798831222109
-0.28883177313184033 -0.51852257376511646 -0.079216606023084404
0.37129307647246457 0.1718596485203418 0.21676915391662274
-0.40126486922888677 0.11672695372216407 -0.41577697602015973
0.065809432697728959 -0.056282919107265544 0.45134999298900313
-0.10769594354277197 0.24483184742493386 -0.48632040848048497
-0.018992004200438846 -0.012077204523172361 0.47603573670290894
0.35334824812178112 -0.13724679370200352 -0.44358120009502855
-0.12315835253187553 0.38031077857831758 0.26710552336955151
