-0.37520727625269629 -0.32165509515930346 -0.27447665055470133
0.45724489351331971 -0.031508663299456938 0.19758100812491056
-0.31988997238454409 0.28764306606602563 -0.34482435131001332
0.078424220604799047 -0.29141779865543138 0.36653654058320312
-0.14148646406432513 0.32688116314998156 -0.38801344761888035
-0.11472415477856007 -0.18034036847908036 0.47338663169762835
0.30431444794105877 -0.10787257918688188 -0.43168522672793619
-0.067918759591831676 0.35613510782477986 0.37214268125282046
0.098158616244843358 -0.50219051715456064 -0.1133420523986976
0.081084448767936357 0.46432568489392756 0.14269486695166628
