-0.33633616413294315 -0.18284062502505902 0.20420548527121354
0.20227056835265442 0.10794440253956954 -0.58658327000128407
-0.18991492017224942 0.12922895479195853 0.33305661083571941
0.032132564262054727 -0.24085797116156563 -0.56901355378268115
-0.26038739993800103 0.21747844007427444 0.27024791005314236
0.40446615983573131 -0.49403427386059962 0.042828909164416271
-0.3386858802682256 0.16699784020509151 -0.060909171901169873
0.52776574251839592 -0.043250636877793923 0.39192320686028442
-0.38550086584852972 -0.17173507953539913 0.0053538727985446375
0.34419019539111262 0.51106894884952336 -0.031109999298185597
