-0.29685241729814221 -0.30202334022928823 -0.063762956723998968
0.69486273062276149 -0.2151692451781293 -0.1584066652073764
-0.17255026123515185 0.26592766940245255 -0.031361553774364795
0.4717700893094916 -0.49880927145862292 -0.036718526468213331
-0.077492693813022914 0.33073596148852774 -0.13754065484221831
-0.3154334859526533 -0.15172783007056106 0.70543791503478948
-0.067755595937030483 -0.31526588926905214 -0.24950237942936401
-0.16631949631618143 0.55733145515925675 0.22888975265191264
-0.074424810195203639 -0.32147042606020088 -0.23936511409157446
0.0041959408151327187 0.65047091621561781 -0.017669817149591878
