-0.48886920174566578 0.041680573236416947 -0.13595069727780495
0.49788537874968652 -0.10966750304331199 -0.077562704756669515
-0.35048556837523387 0.28789720343730246 0.27202139134284464
0.11365978490889676 -0.33451466707720773 -0.35819488458753512
-0.1434340875899234 0.35932558167354128 0.31447773260771811
0.023374440268497998 -0.53097093981164134 -0.10925215645642743
0.014186198580077932 0.44708619100011138 -0.31738630806279794
0.066118872098281684 -0.13134488797872299 0.49669015290946211
-0.084803052259728812 -0.06313556312202448 -0.48949951482318305
0.352367235365111 0.033644011685536518 0.40465698910439302
