0.3652753502743678 -0.15845728721008559 0.1989929867790845
-0.39146134987664893 0.11877200492216503 -0.39303191660623893
0.26030366589237203 -0.35754661367291002 0.19715698349210037
0.026924567011639561 0.59164821690558944 -0.013943395021703386
-0.051599598722939531 -0.39958482863836248 -0.1202025349455242
0.13648755523297962 0.44926757020162372 0.3738347384462346
0.14305234181558685 -0.16029403501432976 -0.41887678097534858
-0.22340239176429505 -0.0039574478888988913 0.4983308289815635
0.33785270207547868 -0.074955527104372879 -0.32626118673688892
-0.60343284193854108 -0.0048920525004185911 0.0040002765867209467
