-0.41458784793273451 0.25175422540230935 -0.31999490267610992
0.29388508039689942 -0.22415054248070074 0.20113920830662727
-0.4943566936657835 0.064340363804263848 -0.34241198771432729
0.39446535821247991 0.36997291618190326 -0.00096784438164127483
-0.20284629854035219 -0.41844091798132949 0.1460777633288157
0.30669104266160019 0.40053935472661606 -0.11782185947497742
-0.18505817019717377 -0.17616390769190188 0.53455537703664913
0.13450868166626845 -0.1714858915102026 -0.4129968079930364
-0.12488350963132187 0.3251763942303505 0.41527987587654225
0.2921823570301178 -0.42154199468130837 -0.10285882230854204
