-0.34948266829824742 -0.40853225642075763 0.067532888635022298
0.45643552661803188 0.16919283966468179 -0.06180997533084958
-0.50190475959678493 -0.10402365114779533 0.02147654796624332
0.47193903694972017 -0.078952356005504806 -0.20435456169029639
-0.267320088547151 0.3406769312976724 0.32234004299948416
0.020721525675344132 -0.29295412884168215 -0.39567368117453505
0.20675583032620543 0.029218046815295044 0.53254845103697013
-0.33887460627554056 0.23100865536514684 -0.28081984005413668
0.30965041671806476 -0.38822365816879045 0.16186135045155373
-0.0079202135696424016 0.50258957744173427 -0.16310122283945586
