-0.41744707743696524 0.27753429746568631 -0.064163714090554505
0.41746451934775236 -0.27167753703081599 -0.028261258572637112
-0.42599247303881815 0.1747495386230368 0.27054163339719534
0.31471836735743614 0.032329440816290828 -0.38601298467899742
-0.33932850245121804 -0.31855480923042812 0.28413844242814867
0.095709773313569071 0.4756343925752668 -0.1401317667045606
-0.10136780262530469 -0.49978319827608347 -0.041536875998782773
0.35765492012200906 0.35817062417724549 0.18914337600809916
-0.33494190266639995 -0.10749910913634965 -0.36172987654050043
0.43353017807793937 -0.12090363998384915 0.27801302475258954
