-0.082558650226435715 0.2085749704048169 -0.37012738105377241
0.41471205682552442 -0.40517780639911066 0.24308495808193731
-0.18100956067774707 0.38819712785648935 0.1178972265126652
0.35208661651417472 -0.39627245886668833 -0.19898750548992253
-0.086601997237002876 0.39043956877157626 0.23533551455537061
-0.12101224528192431 -0.32096593771529136 -0.46660332906919721
0.30328766634704762 0.36469896914272781 0.12486367803588677
-0.62707914659852526 -0.0011999392457248579 0.1480063269939462
0.25827299664013037 0.072754516942464709 -0.31099511185784495
-0.23009773630524194 -0.30104901089125996 0.47752562329093101
