-0.16694525493106571 -0.56449536216626839 0.074831942830014445
-0.04480549956450925 0.40085032397333903 -0.15579673176978637
-0.047359345914283986 -0.50368267965578772 0.27059923815665177
-0.12815237116814096 0.39444320308738051 -0.16165344903776416
0.36856584967682915 -0.39751566709069908 0.1934129636507454
-0.22185543872744043 0.40957948162671914 0.19376460525867872
0.27994662323513608 -0.10164603499001471 -0.50397686668485164
-0.10167240009502115 0.2673686708724613 0.34348703683082682
-0.062598971118183064 -0.28325722079803561 -0.49035011452636446
0.12487680860667927 0.37835528514090561 0.23568137529184952
