-0.047664175503043818 -0.27539556887494959 0.20413920769366045
0.33788248066978749 0.14160694359394571 -0.61894200367528895
0.03799925082354836 -0.14922647663839972 0.28962058092356147
-0.63801636960721331 -0.060221509488462506 -0.44187172714006451
0.1830626128871532 -0.19781945776768803 0.11211032052516705
-0.73814364107899733 0.14920728501431357 0.28804064039006716
0.085681324726464392 -0.35951711799583252 0.038016826529063692
0.31345908073357309 0.60042074890360031 0.20122401252567373
-0.04721636178620469 -0.32363320356665426 0.074584689694003226
0.51295579813493264 0.474578356820127 -0.14692254746584338
