-0.46248464236291781 -0.24637361095210719 0.022513643493325606
0.47993926418470234 0.055536505862140734 0.1663450091016288
-0.45519734362582093 -0.021326379751536038 -0.17950412209255745
0.48315691218375151 -0.21090661603639715 0.10954712702119476
-0.32658485362612349 0.36984537152477598 0.025610236163548732
0.14305432606965918 -0.47328614227629434 -0.23624524178212797
-0.096783434776104876 0.14776151361131093 0.50993011132797783
0.046844270450287183 0.23936502578814486 -0.4754530013993864
-0.041016302079234471 -0.23812068711927026 0.39878261544775695
0.22907180358180129 0.37750501934923264 -0.34152637728136093
