-0.4599694872126151 0.1016358018935906 0.24227596821836453
0.44782565073438574 -0.021887210769862425 -0.15853577420235423
-0.53688963142496815 0.070316557145658515 -0.010771508346212457
0.41088647825483676 0.10291678308198181 0.3064944229939045
-0.24075702631728571 -0.28113712811339719 -0.34761820969598184
0.19129253116172118 0.26629860411987849 0.36907370385991306
-0.17063300555606861 -0.52705731949456591 -0.12041203069975361
0.075404788152639887 0.43619685148717163 -0.22814691898222797
-0.058994725449071875 -0.41484910813313836 0.27945286958901633
0.3418344276564258 0.26756616878268297 -0.33181252273466821
