-0.19771643291159113 0.40702582541994176 0.18313297011592114
0.17267718157555598 -0.42629255800269128 -0.22721936897456885
-0.14052401825806338 0.43473004784933084 0.17346140250638784
0.25862754128730525 -0.45655551092486141 -0.041685257316803385
-0.34993531004138445 0.30598570631586774 -0.26118958071778386
0.31454949885869055 -0.023313538081061694 0.40964717019904101
-0.33760703770136347 -0.068494572788758021 -0.34708959111544474
0.3362561524347969 0.085726716807829839 0.37549202698363343
-0.46294374110680014 0.099264503050758332 -0.22542082735278407
0.40661616586285393 -0.35807661964635618 -0.039128944327598544
