-0.43819633112693218 0.20006739948840038 0.097083616672734949
0.40780412628640689 -0.20502871312233847 -0.24958678241562898
-0.33289591814272645 0.44347068607986762 -0.074053385544656472
0.018477790706399915 -0.34842176897089955 0.42538916006321759
0.024856143093955604 0.24971308560290476 -0.37598092445753573
0.059835715211428143 -0.10285796772192324 0.55915012619360216
-0.11167161368753185 -0.2564741426911411 -0.4139826021234384
0.23837880144855333 0.24718259767231382 0.37582407976113097
-0.38078733614037436 -0.33581661065928825 -0.15024171189228347
0.51419862235082092 0.10816543432210397 -0.1936015762571425
