-0.47103943778677188 0.12419620309292229 0.027805030970529648
0.42158351203552213 -0.32659604521900859 0.024546421923790494
-0.34442518706970049 0.31543151689866744 0.056660000739107937
0.0043076457065529851 -0.5374079795549136 -0.33199177764343479
0.12682756902106015 0.22118443255994244 0.3079507358936589
-0.20154375749660336 -0.15982149777169713 -0.55634478819826849
0.03350847004020048 -0.25869007275558481 0.41059650014813359
0.12613748853672288 0.54604366628230838 -0.17576812539402728
-0.19176194418542494 -0.2966123200903471 0.25882460301223664
0.49640564119844205 0.37227209655771076 -0.022278601451726703
