0.50831253230227424 0.096449847663286833 0.47986434745449263
-0.35935596124289682 0.2854319475091715 0.020041391038772303
0.15859383288552731 -0.56749436158609068 -0.045110140143974194
0.25653761206745157 0.27956845752368426 -0.56750041245133953
-0.203579280706809 0.27238331577329544 0.32032886095756685
-0.26026732418070592 -0.082796533553585974 -0.61274870299906126
0.029880855952231441 -0.38688228970329819 0.29463538682861606
0.038927965327227976 0.36914968183826879 -0.35983677286874521
0.10167362799171208 0.14521889987888659 0.61274637869612458
-0.29689641692068064 0.19350706768988701 -0.30311942596522984
-0.16495785076098107 -0.31564501453949695 0.54738417304020959
0.19113040728564887 -0.28889101849400861 -0.38668508358743192
