0.39049464208106011 -0.31472265425171231 -0.18714148873111525
-0.07284747459220528 0.5487547050245325 0.012159622490224778
-0.022210737463884279 -0.41640896516000914 -0.24454061243156605
0.19209273886274386 0.46152019246363057 0.18361171353265074
-0.30355752143253267 -0.40312391592626079 0.26559576866457663
0.0059529945349414155 0.48677973039664973 -0.069478463061374174
-0.28325329293277962 -0.46358647940256836 -0.18421202642016909
0.44723294420329512 0.21680531039771059 -0.12541687587906147
-0.4057798407821242 -0.093718004373598299 0.29404046359046965
0.30839418026165677 0.17488796760569503 -0.35233891377487947
0.16252526446449589 -0.44297743993203093 0.42029592725443926
-0.41904389720466712 0.24578955315796136 -0.012575115234195553
