0.36585899418842371 -0.060419968784368915 0.32490724099209994
-0.46819154667336271 0.080429825549864678 -0.20849788714613396
0.2989017485378353 -0.10885274332912771 0.40447844645949194
0.076954212135408068 0.096702941718995392 -0.54866695243266572
-0.32082945316265199 -0.0024281518303269798 0.36344114528040505
0.43402087013327484 -0.021487933053312765 -0.29217895367917296
-0.39171368573840104 0.094717662713920597 0.25978001467969764
0.34805511416553908 -0.12924194103293543 -0.37471523240906945
-0.041001513432299665 0.20080366165155716 0.48534571930936943
-0.30205474015376543 -0.15022335360426606 -0.41389354105402182
