0.45651066109963495 0.05702856713850421 0.24820071737728508
-0.32584361057554306 0.078208871533873306 -0.37427272647178483
0.091120743755029321 -0.14335530862462398 0.50723169285257796
0.17605977487375676 0.11003221370874212 -0.45639693090159933
-0.32851312821904244 -0.10982978055981031 0.37850838644927243
0.32537893313441268 0.057941106006560772 -0.35924367333752544
-0.37413638070250804 -0.083504758226712425 0.34123572907123689
0.30151181530363164 0.031352589563231954 -0.38698628713831773
-0.24130417516634708 0.0059014385991682334 0.45247963796210017
0.00010972060098870958 -0.072492398329523575 -0.51477096930678945
0.32395913411754773 0.14493284087311528 0.40601555466207057
-0.40485348822156131 -0.076215381682525632 -0.24200113121852621
