0.053624312248237105 0.05164771946939839 0.50226396306116272
-0.077421000291648029 0.16473738702855678 -0.48264103395767805
0.063972124773570047 -0.24639143934851529 0.41790384127403585
-0.069538794410292648 0.30079075799864258 -0.40839300451748478
0.0349842543138583 -0.29092308722487142 0.39095026195581961
-0.029146161410424951 0.26075857858095081 -0.4406353496277044
-0.033812677472058024 -0.12738004866745398 0.48095383741040887
0.056998031923310086 -0.0041937441511203074 -0.50726605180388906
-0.030700016060988992 0.16186937247965277 0.47494171322070988
0.041493064367806011 -0.27544503382167712 -0.42146459486704391
-0.0092361872473662801 0.2790918360814697 0.40914686842285375
0.013505924790738906 -0.32833746015291976 -0.38490127017847875
0.017463884958223909 0.24783968440622944 0.43241398884889204
-0.032186760482965447 -0.19406452267834262 -0.46327316924160389
