0.13660752140435062 0.12298506749069466 0.45599074484053564
-0.088961577646466408 -0.026035276904967014 -0.50677169652784337
-0.01874599451646998 -0.088719419241532316 0.48878868345181603
0.12521877216225888 0.21360907229116072 -0.45348072025537511
-0.15666069568213986 -0.2321234217462611 0.39614655647656832
0.24312347072839202 0.30187208010377026 -0.34885104371511638
-0.19827818004652353 -0.2397413166753973 0.366564577530682
0.24286577969961012 0.23926514481645661 -0.39234570480086922
-0.15253663726889577 -0.12825277984002725 0.44943069289132964
0.10490278071741548 0.033212307141801178 -0.50327806205575276
0.0036866418430752889 0.083608361228168254 0.49030914144673521
-0.11076973221352765 -0.20677553495011422 -0.45973134783681924
0.14219125879789893 0.22148877286460586 0.40779410981759218
-0.22994921714804067 -0.29130732103630397 -0.36586707716460271
0.18537570321628932 0.22979726214933652 0.37975697281452914
-0.22806989404722691 -0.2328829976913909 -0.40445582691340914
