0.17587046762286124 -0.19626068358541479 0.41017191428936578
-0.23102004452160718 0.31063400172327738 -0.34976090453912395
0.20611697244936089 -0.28406109108762295 0.32496050091675627
-0.22498989007128053 0.355492596503869 -0.3115282686430319
0.17232216126126332 -0.27984889464758228 0.35065321968730206
-0.14706145851228991 0.29136386411553944 -0.40546190887882178
0.061151204753134479 -0.16243467273861642 0.46097584122498481
0.040162614944130322 0.055403430061328411 -0.5147833709100329
-0.12706450149760062 0.097662122292190762 0.47022896122470809
0.21247040698241085 -0.24670681267328332 -0.40505732482929818
-0.20910475955831112 0.2641993488246272 0.34410839321954168
0.24263276286219682 -0.3611037625859867 -0.29223210501830138
-0.20424649755890939 0.30349901857521916 0.3066018201047459
0.20436506047248279 -0.35563885861742789 -0.3247252373647796
-0.13123067265327698 0.2495949638406586 0.39712483298262813
0.058299969861797057 -0.20016585554104405 -0.47568290122744561
0.045656249314725422 0.035259185274803158 0.49612736136890329
-0.14433004615108744 0.1231121002654655 -0.48172082360810037
