0.34166653282933168 0.023908834499148181 0.37097261968868889
-0.29883255436592421 -0.0027958396277561318 -0.39652186216888125
0.26247398485462514 -0.006943309659796202 0.43107572574482417
-0.17095216288589393 0.023906270512602919 -0.46958518595169246
0.066776551656038782 -0.033421247469556971 0.50005320745290316
0.052296206320826551 0.039982173979507742 -0.49714399336474052
-0.16935427304952944 -0.044626711844308407 0.47430461641065252
0.23930285570198218 0.03279740795831261 -0.43509345747853262
-0.30684487977399938 -0.035880545481807642 0.39977538835638898
0.31302110201171551 0.016810000821372347 -0.38316130828970907
-0.33033009525716966 -0.018675123869639092 0.38158704437171082
0.29150841559003382 -0.0047305937141260586 -0.40143429410258286
-0.25770493518691429 0.012085797485293186 0.43407866469302148
0.1675678831666339 -0.029952037175769834 -0.47000974383052524
-0.063939933252428929 0.042637588824788929 0.5001113193023069
-0.056408973479588349 -0.04605624905068513 -0.49591914597865983
0.17110434484557888 0.052625489733779632 0.47284274654970848
-0.24611474828557328 -0.041607527935182118 -0.43106453116621984
0.31494510697347439 0.044254522709543206 0.39224558481425259
-0.32018042841321931 -0.024318900695721193 -0.37711339505291469
